5.65059998956 -9.40034104444 5.5 0.0 
0.999999904965 5.65050504956 -8.51 -9.435045 
-9.5 0.0 109.059989556 -9.5 
-9.445 0.0 -0.0435045 109.999999991 
11.1011109975 -8.8988890025 -9.42504444442 -9.44444442504 
15.9050504965 0.99989555 0.0 -9.44435044444 
-9.5 99.5557495556 0.0 -9.34104425044 
0.0 0.0 99.659050505 0.0 
-10.0 0.99050504965 0.0 108.9659906 
-9.44444444445 199.607497496 -9.381044445 -9.44425044444 
109.059989669 -8.5035035044 -10.0 0.0 
-8.41044250444 99.6496599896 0.998955555556 0.0 
-9.43509350435 -9.44444443505 111.999059895 -9.4434951 
-8.50444444444 0.0 -9.43400104351 100.49565999 
-9.444445 -18.8889002503 10.1110997497 -9.44425044444 
15.0599998957 0.0 -0.04445 0.0 
-9.43504341045 108.955564966 5.0 5.5555555 
0.0 0.0 109.89555555 0.99999904965 
0.108955 0.0598955564956 -9.4444350445 300.506 
-9.381044445 0.0 -9.5 7.49749749556 

